0.560
0.613
0.731
0.594
0.657
0.662
0.531
0.521
0.528
0.713
0.577
0.720
0.584
0.733
0.568
0.558
0.662
0.645
0.427
0.629
0.388
0.761
0.526
0.610
0.610
0.524
0.584
0.623
0.556
0.438
0.409
0.612
0.573
0.707
0.376
0.624
0.644
0.570
0.675
0.635
0.664
0.654
0.514
0.665
0.548
0.529
0.502
0.667
0.542
0.474
0.513
0.827
0.568
0.628
0.867
0.409
0.604
0.464
0.666
0.640
0.892
0.602
0.451
0.658
0.517
0.590
0.781
0.689
0.583
0.628
0.620
0.613
0.491
0.601
0.642
0.765
0.620
0.651
0.556
0.602
0.642
0.493
0.612
0.700
0.726
0.423
0.630
0.789
0.535
1.001
0.416
0.549
0.524
0.509
0.739
0.535
0.587
0.621
0.580
0.494
0.939
0.621
0.588
0.580
0.701
0.929
0.946
0.601
0.533
0.635
0.628
0.603
0.706
0.636
0.565
0.631
0.690
0.690
0.474
0.594
0.512
0.606
0.408
0.770
0.580
0.607
0.651
0.558
0.879
0.571
0.576
0.668
0.499
0.645
0.636
0.448
0.483
0.528
0.610
0.622
0.642
0.627
0.000
0.593
0.414
0.662
0.764
0.508
0.627
0.632
0.594
0.712
0.643
0.465
0.486
0.504
0.602
0.643
0.585
0.712
0.690
0.506
0.793
0.447
0.618
0.617
0.608
0.528
0.560
0.760
0.779
0.439
0.538
0.520
0.733
0.498
0.674
0.853
0.843
0.538
0.586
0.935
0.571
0.390
0.898
0.634
0.958
0.485
0.582
0.601
0.696
0.472
0.548
0.626
0.967
0.484
0.611
0.571
0.678
0.918
0.603
0.539
0.677
0.418
0.649
0.587
0.634
0.475
0.482
0.514
0.588
0.569
0.591
0.721
0.618
0.585
0.569
0.554
0.639
0.531
0.634
0.557
0.609
0.537
0.642
0.564
0.908
0.477
0.543
0.587
0.541
0.544
0.564
1.010
0.605
0.691
0.588
0.583
0.506
0.576
0.599
0.557
0.810
0.606
0.623
0.563
0.505
0.638
0.508
0.685
0.649
0.628
0.769
0.610
0.691
0.523
0.578
0.780
0.506
0.564
0.622
0.551
0.655
0.805
0.395
0.577
0.527
0.708
0.599
0.514
0.752
0.620
0.616
0.735
0.607
0.570
0.988
0.598
0.747
0.637
0.598
0.469
0.629
0.524
0.555
0.528
0.632
0.612
0.493
0.682
0.599
0.571
0.697
0.648
0.500
0.421
0.409
0.552
0.595
0.975
0.708
0.622
0.504
0.622
0.445
0.439
0.579
1.312
0.520
0.510
0.543
0.593
0.638
0.594
0.402
0.782
0.526
0.477
0.469
0.175
0.828
0.549
0.612
0.704
0.827
0.857
0.614
0.648
0.646
0.571
0.840
0.559
0.421
0.620
0.497
0.595
0.549
0.843
0.567
0.855
0.590
0.622
0.496
0.542
0.786
0.595
0.743
0.601
0.561
0.732
0.612
0.618
0.614
0.629
0.579
0.593
0.478
0.663
0.798
0.823
0.661
0.603
0.677
0.989
0.600
0.439
0.627
0.663
0.457
0.510
0.635
0.524
0.682
0.839
0.487
0.892
0.513
0.635
0.583
0.672
0.668
0.494
0.602
0.451
0.675
0.510
0.539
0.718
0.413
0.740
0.673
0.872
0.535
0.622
0.633
0.813
0.719
0.523
0.526
0.279
0.573
0.606
0.564
0.574
0.582
0.583
0.607
0.535
0.632
0.552
0.769
0.708
0.709
0.620
0.609
0.547
0.596
0.576
0.764
0.706
0.460
0.656
0.594
0.556
0.592
0.794
0.583
0.843
0.530
0.674
0.590
0.621
0.559
0.580
0.654
0.556
0.657
0.619
0.599
0.648
0.687
0.568
0.610
0.602
0.581
0.611
0.535
0.639
0.552
0.733
0.655
0.549
0.621
0.621
0.505
0.546
0.557
0.568
0.618
0.891
0.683
0.589
0.622
0.704
0.769
0.653
0.487
0.630
0.717
0.720
0.700
0.645
0.689
0.597
0.577
0.645
0.598
0.646
0.728
0.592
0.362
0.819
0.465
0.912
0.640
0.608
0.604
0.714
0.935
0.503
0.582
0.624
0.622
0.550
0.616
0.635
0.566
0.522
0.620
0.570
0.405
0.610
0.634
0.506
0.562
0.470
0.606
0.597
0.806
0.627
0.607
0.664
0.621
0.497
0.517
0.529
0.519
0.485
0.654
0.536
0.416
0.810
0.637
0.521
0.666
0.749
0.650
0.549
0.702
0.603
0.540
0.576
0.545
0.578
0.620
0.596
0.616
0.537
0.769
0.783
0.560
0.637
0.826
0.556
0.609
0.630
0.577
0.734
0.566
0.513
0.526
0.639
0.629
0.670
0.560
0.416
0.556
0.582
0.493
0.926
0.784
0.621
0.718
0.776
0.848
0.389
0.454
0.507
0.458
0.555
0.456
0.645
0.571
0.504
0.558
0.475
0.648
0.665
0.619
0.534
0.544
0.611
0.430
0.499
0.558
0.502
0.653
0.557
0.460
0.500
0.534
0.552
0.872
0.539
0.662
0.604
0.519
0.627
0.551
0.537
0.470
0.608
0.749
0.674
0.564
0.647
0.726
0.877
0.673
0.457
0.565
0.537
0.613
0.589
0.540
0.568
0.516
0.526
0.504
0.495
0.712
0.389
0.675
0.491
0.726
0.635
0.557
0.598
0.522
0.518
0.531
0.629
0.712
0.538
0.534
0.538
0.519
0.625
0.612
0.548
0.703
0.763
0.636
0.578
0.570
0.698
0.505
0.689
0.799
0.611
0.564
0.557
0.622
0.789
0.587
0.623
0.573
0.715
0.672
0.620
0.955
0.483
0.756
0.584
0.554
0.635
0.424
0.451
0.664
0.753
0.683
0.627
0.588
0.781
0.604
0.552
0.535
0.367
0.620
0.623
0.648
0.617
0.534
0.681
0.562
0.569
0.578
0.496
0.496
0.780
0.885
0.597
0.950
0.532
0.418
0.489
0.632
0.794
0.379
0.436
0.589
0.681
0.554
0.558
0.626
0.537
0.386
0.356
1.051
0.588
0.629
0.652
0.566
0.676
0.621
0.688
0.381
0.969
0.595
0.490
0.480
0.593
0.984
0.659
0.716
0.698
1.031
0.635
0.646
0.607
0.580
0.625
0.490
0.470
0.594
0.583
0.586
0.722
0.702
0.565
0.582
0.401
0.550
0.501
0.955
0.577
0.677
0.661
0.660
0.392
0.689
0.611
0.543
0.650
0.788
0.562
0.582
0.616
0.700
0.603
0.811
0.786
0.567
0.639
0.550
0.496
0.763
0.984
0.561
0.553
0.511
0.563
0.600
0.409
0.574
0.567
0.570
0.634
0.479
0.662
0.622
0.539
0.578
0.618
0.561
0.531
0.671
0.656
0.598
0.435
0.739
0.564
0.485
0.483
0.680
0.546
0.752
0.582
0.591
0.550
0.831
0.565
0.550
0.422
0.676
0.766
0.556
0.552
0.493
0.602
0.584
0.556
0.447
0.579
0.578
0.644
0.547
0.621
0.573
0.838
0.446
0.744
0.552
0.387
0.797
0.560
0.645
0.545
0.565
0.585
0.567
0.558
0.664
0.614
0.910
0.630
0.557
0.872
0.622
0.603
0.676
0.544
0.504
0.552
1.235
0.904
0.675
0.606
0.424
0.658
0.594
0.693
0.580
0.518
0.554
0.577
0.647
0.486
0.662
0.773
0.570
0.928
0.569
0.625
0.603
0.583
0.423
0.557
0.590
0.525
0.454
0.678
0.560
0.567
0.610
0.460
0.716
0.789
0.546
0.627
0.538
0.645
0.583
0.843
0.473
0.469
0.718
0.606
0.721
0.747
0.695
0.897
0.536
0.809
0.458
0.583
0.377
0.406
0.613
0.595
0.517
0.921
0.700
0.556
0.661
0.650
0.395
0.799
0.574
0.589
0.524
0.640
0.659
0.581
0.498
0.686
0.513
0.579
0.610
0.704
0.589
0.621
0.472
0.592
0.752
0.626
0.588
0.663
0.688
0.581
0.613
0.640
0.575
0.632
0.731
0.615
0.548
0.552
0.867
0.448
0.560
0.608
0.632
0.510
0.507
0.541
0.625
0.728
0.697
0.605
0.530
0.789
0.569
0.572
0.606
0.541
0.563
0.702
0.573
0.604
0.624
0.425
0.587
0.648
0.519
0.735
0.677
0.744
0.704
0.649
0.405
0.465
0.689
0.560
0.559
0.391
0.642
0.845
0.615
0.596
0.720
0.792
0.549
0.555
0.704
0.569
0.436
0.569
0.694
0.527
0.512
0.605
0.411
0.491
0.586
0.420
0.678
0.511
0.588
0.443
0.605
0.647
0.507
0.392
0.760
0.474
0.752
0.500
0.448
0.504
0.614
0.635
0.611
0.516
0.754
0.619
0.564
0.510
0.666
0.679
0.664
0.820
1.023
0.668
0.532
0.548
0.547
0.874
0.458
0.621
0.479
0.664
0.721
0.605
0.598
1.306
0.414
0.627
0.582
0.405
0.620
0.606
0.690
0.537
0.627
0.650
0.344
0.896
0.989
0.518
0.533
0.552
0.555
0.655
0.570
0.641
0.436
0.580
0.604
0.636
0.549
0.611
0.552
0.611
0.588
0.743
0.679
0.719
0.542
0.796
0.931
0.742
0.454
0.527
0.600
0.535
0.617
0.642
0.980
0.554
0.854
0.538
0.587
0.727
0.661
0.611
0.625
0.846
0.557
0.606
0.547
0.644
0.605
0.889
0.484
0.566
0.711
1.018
0.711
0.500
0.623
0.514
0.641
0.621
0.555
0.843
0.665
1.176
0.556
0.681
0.564
0.497
0.569
0.528
0.625
0.801
0.556
0.688
0.398
0.843
0.529
0.721
0.644
0.557
0.601
0.649
0.585
0.676
0.514
0.762
0.511
0.631
0.491
0.567
0.627
0.675
0.640
0.560
0.490
0.552
0.483
0.595
0.607
0.737
0.665
0.618
0.411
0.585
0.614
0.669
0.552
0.577
0.660
0.628
0.850
0.893
0.555
0.610
0.616
0.540
0.771
0.671
0.468
0.622
0.641
0.567
0.676
0.448
0.668
0.554
0.552
0.625
0.408
0.597
0.620
0.585
0.584
0.480
0.568
0.803
0.746
0.620
0.644
0.465
0.712
0.536
0.589
0.583
0.409
0.510
0.810
0.557
0.613
0.528
0.574
0.451
0.609
0.651
0.231
0.582
0.507
0.546
0.521
0.872
0.661
0.651
0.658
0.513
0.896
0.576
0.611
0.628
0.740
0.549
0.579
0.615
0.437
0.851
0.480
0.643
0.554
0.626
0.407
0.497
0.654
0.942
0.508
0.601
0.622
0.400
0.556
0.862
0.539
0.697
0.606
0.523
0.706
0.605
0.695
0.587
0.573
0.669
0.527
0.503
0.602
0.597
0.713
0.560
0.505
0.768
0.634
0.642
0.564
0.595
0.593
0.621
0.841
0.345
0.658
0.377
0.464
0.681
0.501
0.573
0.654
0.616
0.597
0.691
0.624
0.552
0.606
0.615
0.618
0.829
0.463
0.351
0.683
0.531
0.521
0.615
0.626
0.686
0.579
0.614
0.719
0.584
0.557
0.553
0.547
0.628
0.643
0.573
0.611
0.581
0.782
0.433
0.631
0.538
0.678
0.431
0.526
0.739
0.563
0.616
0.554
0.690
0.841
0.536
0.465
0.612
0.547
0.576
0.427
0.427
1.076
0.675
0.727
0.663
0.908
0.878
0.637
0.554
0.618
0.623
0.575
0.638
0.522
0.919
0.508
0.736
0.571
0.781
0.561
0.526
0.558
0.522
0.585
0.727
0.674
0.417
0.698
0.561
0.710
0.488
0.632
0.581
0.708
0.576
0.589
0.666
0.901
0.427
0.411
0.790
0.527
0.573
0.566
0.522
0.429
0.626
0.577
0.716
0.655
0.522
0.575
0.447
0.548
0.636
0.594
0.507
0.573
0.680
0.525
0.468
0.551
0.579
0.597
0.650
0.824
0.621
0.474
0.736
0.640
0.594
0.663
0.645
0.467
0.556
0.620
0.578
0.624
0.546
0.601
0.773
0.643
0.565
0.578
0.684
0.480
0.792
0.592
0.599
0.746
0.695
0.571
0.821
0.858
0.462
0.733
0.945
1.120
0.623
0.611
0.757
0.715
0.634
0.457
0.602
0.549
0.577
0.574
0.503
0.362
0.475
0.570
0.524
0.555
0.631
0.560
0.508
0.682
0.575
0.465
0.457
0.496
0.776
1.159
0.356
0.541
0.682
0.614
0.612
0.676
0.733
0.501
0.578
0.601
0.645
0.596
0.655
0.622
0.567
0.649
0.580
0.631
0.556
0.514
0.601
0.768
0.577
0.766
0.626
0.575
0.768
0.754
0.628
0.562
0.612
0.530
0.652
0.637
0.585
0.564
0.620
0.542
0.652
0.503
0.650
0.669
0.832
0.519
0.589
0.900
0.511
0.469
0.615
0.577
0.494
0.639
0.560
0.550
0.506
0.545
0.533
0.726
0.588
0.675
0.597
0.649
0.595
0.470
0.759
0.604
0.615
0.686
0.616
0.671
0.651
0.430
0.570
0.658
0.553
0.420
0.371
0.554
0.606
0.572
0.462
0.535
0.603
0.563
0.467
0.522
0.669
0.630
0.636
0.628
0.621
0.461
0.597
0.580
0.749
0.578
0.540
0.791
0.538
0.569
0.533
0.628
0.597
0.646
0.510
0.589
0.680
0.000
0.524
0.487
0.579
0.580
0.512
0.619
0.579
0.479
0.500
0.581
0.703
0.655
1.066
0.432
0.584
0.694
0.504
0.547
0.562
0.422
0.718
0.630
0.625
0.578
0.548
0.568
0.604
1.017
0.634
0.693
0.584
0.765
0.595
0.590
0.564
0.630
0.504
0.609
0.646
0.586
0.639
0.628
0.852
0.469
0.636
0.583
0.759
0.646
0.567
0.596
0.454
0.615
0.785
0.544
0.591
0.505
0.572
0.627
0.569
0.638
0.421
0.868
0.684
0.365
0.548
0.650
0.633
0.527
0.597
0.636
0.640
0.547
0.580
0.568
0.376
0.598
0.600
0.674
0.936
0.707
0.749
0.560
0.676
0.567
0.587
0.650
0.672
0.572
0.711
0.715
0.460
0.590
0.577
0.532
0.722
0.620
0.541
0.604
0.493
0.637
1.105
0.762
0.804
0.607
0.615
0.478
0.440
0.535
0.663
0.569
0.634
0.417
0.787
0.558
0.548
0.509
0.833
0.587
0.548
0.648
0.583
0.534
0.540
0.176
0.706
0.725
0.549
0.818
0.662
0.600
0.586
0.596
0.538
0.684
0.641
0.644
0.553
0.733
0.659
0.700
0.581
0.651
0.615
0.730
0.591
0.633
0.680
0.507
0.578
0.533
0.515
0.552
0.589
0.563
0.566
0.585
0.538
0.571
0.618
0.566
0.659
0.570
0.598
0.582
0.749
0.667
0.642
0.621
0.565
0.618
0.648
0.593
0.561
0.616
0.566
0.541
0.566
0.783
0.839
0.533
0.518
0.624
0.584
0.897
0.523
0.538
0.536
0.651
0.667
0.613
1.017
0.615
0.582
0.585
0.528
0.605
0.724
0.618
0.553
0.615
0.719
0.446
0.756
0.531
0.593
0.541
0.739
0.607
0.554
0.759
0.592
0.596
0.609
0.476
0.638
0.786
0.562
0.654
0.577
0.699
0.514
0.591
0.825
0.537
0.514
0.461
0.629
0.816
0.724
0.423
0.605
0.405
0.437
0.678
0.560
0.646
0.630
0.682
0.789
0.631
0.603
0.700
0.581
0.563
0.441
0.428
0.655
0.514
0.646
0.587
0.556
0.521
0.664
0.629
0.637
0.626
0.557
0.648
0.659
0.607
0.512
0.679
0.658
0.633
0.649
0.641
0.706
0.558
0.597
0.598
0.546
0.657
0.612
0.714
0.447
0.537
0.640
0.443
0.581
0.644
0.730
0.525
0.630
0.664
0.607
0.689
0.648
0.676
0.832
0.516
1.132
0.587
0.642
0.526
0.621
0.750
1.149
0.655
0.652
0.581
0.643
0.644
0.518
0.586
0.807
0.603
0.529
0.573
0.563
0.431
0.745
0.520
0.795
0.640
0.601
0.559
0.667
0.547
0.543
0.459
0.545
0.654
0.775
0.578
0.456
0.680
0.683
0.449
0.675
0.603
0.483
0.494
0.579
0.615
0.448
0.635
0.627
0.612
0.650
0.622
0.544
0.600
0.426
0.474
0.759
0.588
0.575
0.410
0.549
0.504
0.825
0.607
0.552
0.950
0.526
0.457
0.562
0.569
0.632
0.546
0.574
0.629
0.546
0.936
0.774
0.621
0.581
0.384
0.473
0.618
0.474
0.438
0.624
0.578
0.624
0.594
0.484
0.554
0.558
0.685
0.563
0.557
0.507
0.583
0.512
0.616
0.719
0.552
0.871
0.870
0.501
0.555
0.616
0.622
0.618
0.480
0.582
0.715
0.569
0.502
0.579
0.523
0.545
0.604
0.601
0.609
0.577
0.569
0.603
0.546
0.586
0.562
0.510
0.424
0.641
0.558
0.692
0.593
0.457
0.646
0.551
0.600
0.466
0.695
0.919
0.499
0.697
0.682
0.506
0.419
0.800
0.468
0.608
0.622
0.541
0.654
0.598
0.480
0.448
0.589
0.548
0.755
0.633
0.587
0.729
0.726
0.573
0.647
0.631
0.534
0.725
0.558
0.646
0.414
0.572
0.581
0.441
0.573
0.565
0.591
0.650
0.535
0.589
0.463
0.558
0.545
0.500
0.580
0.461
0.791
0.563
0.597
0.651
0.579
0.396
0.583
0.573
0.650
0.535
0.783
0.561
0.554
0.578
0.657
0.515
0.552
0.549
0.535
0.589
0.561
0.721
0.556
0.514
0.629
0.898
0.651
0.621
0.633
0.593
0.613
0.627
0.586
0.517
0.471
0.641
0.543
0.455
0.752
0.491
0.592
0.537
0.689
0.612
0.690
0.609
0.547
0.574
0.629
0.602
0.504
0.772
0.687
0.611
0.407
0.642
0.551
0.680
0.511
0.605
0.612
0.635
0.396
0.569
0.515
0.576
0.658
0.940
0.547
0.532
0.632
0.564
0.540
0.493
0.617
0.584
0.609
0.603
0.600
0.386
0.671
0.607
0.638
0.561
0.594
0.546
0.571
0.576
0.590
0.789
0.582
0.589
0.545
0.640
0.639
0.540
0.663
0.739
0.541
0.449
0.517
0.632
0.749
0.400
0.541
0.759
0.503
0.544
0.602
0.658
0.723
0.916
0.640
0.586
0.588
0.525
0.687
0.539
0.704
0.827
0.611
0.694
0.591
0.471
0.539
0.562
0.645
0.415
0.624
0.405
0.524
0.563
1.335
0.432
0.599
0.667
0.666
0.617
0.567
0.627
0.590
0.632
0.587
0.735
0.627
0.570
0.608
0.671
0.614
0.741
0.475
0.530
0.675
0.676
0.569
0.878
0.619
0.553
0.728
0.540
0.586
0.600
0.903
0.639
0.636
0.726
0.553
0.623
0.452
0.505
0.403
0.957
0.504
0.594
0.605
0.629
0.611
0.610
0.570
0.435
1.122
0.779
0.591
0.771
0.518
0.751
0.630
0.444
0.536
0.599
0.562
0.518
0.700
0.965
0.600
0.662
0.838
0.510
0.472
0.672
0.731
0.582
0.336
0.584
0.521
0.524
0.606
0.554
0.570
0.706
0.575
0.668
0.756
0.613
0.586
0.461
0.566
0.511
0.809
0.558
0.503
0.737
0.906
0.410
0.599
0.435
0.537
0.622
0.516
0.727
0.687
0.539
0.629
0.466
0.661
0.814
0.578
0.655
0.690
0.887
0.571
0.614
0.567
0.586
0.615
0.563
0.674
0.564
0.523
0.621
0.574
0.668
0.488
0.402
0.623
0.573
0.511
0.590
0.445
0.643
0.564
0.616
0.577
0.587
0.665
1.265
0.459
0.548
0.528
0.688
0.548
0.598
0.561
0.500
0.637
0.633
0.529
0.576
0.584
0.567
0.406
0.635
0.869
0.675
0.590
0.819
0.581
0.711
0.482
0.650
0.547
0.497
0.644
0.549
0.536
0.691
0.596
0.572
0.455
0.529
0.641
0.602
0.638
0.600
0.645
0.669
0.574
0.609
0.612
0.953
0.678
0.646
0.632
0.534
0.683
0.559
0.458
0.773
0.952
0.635
0.679
0.590
0.520
1.021
0.524
0.686
0.584
0.505
0.737
0.672
0.552
0.446
0.618
0.626
1.006
0.562
0.553
0.475
0.596
0.686
0.707
0.627
0.606
0.658
0.686
0.558
0.563
0.658
0.614
0.553
0.660
0.595
0.657
0.557
0.701
0.584
0.959
0.577
0.553
0.545
0.694
0.485
0.631
0.583
0.704
0.435
0.471
0.692
0.640
0.493
1.272
0.707
0.649
1.193
0.711
0.566
0.652
0.494
0.667
0.540
0.649
0.676
0.556
0.496
1.583
0.346
0.558
0.595
0.597
0.567
0.489
0.692
0.604
0.590
0.565
0.585
0.482
0.627
0.610
0.430
0.563
0.589
0.604
0.668
0.493
0.522
0.637
0.795
0.725
0.538
0.533
0.692
0.413
0.525
0.622
0.694
0.567
0.668
0.575
0.420
0.549
0.543
0.437
0.661
0.551
0.551
0.527
0.646
0.569
0.610
0.556
0.681
0.595
0.632
0.728
1.197
0.704
0.631
0.794
0.496
0.488
0.851
0.714
0.512
0.829
0.724
0.592
0.774
0.536
0.592
0.664
0.624
0.446
0.540
0.612
0.621
0.609
0.638
0.542
0.542
0.612
0.433
0.561
0.612
0.581
0.716
0.772
0.643
0.604
1.262
0.612
0.668
0.548
0.522
0.480
0.506
0.552
0.514
0.508
0.695
0.601
0.502
0.653
0.588
0.569
0.647
0.399
0.612
0.667
0.537
0.499
0.589
0.334
0.694
0.570
0.651
0.589
0.663
0.598
0.642
0.513
0.600
0.586
0.518
0.695
0.656
0.575
0.780
0.425
0.619
0.739
0.534
0.923
0.535
0.616
0.780
0.780
0.735
0.825
0.581
0.626
0.578
0.565
0.552
0.525
0.595
0.578
0.630
0.693
0.659
0.734
0.652
0.698
0.687
0.423
0.662
0.414
0.661
0.573
0.863
0.649
0.526
0.569
0.552
0.395
0.588
0.581
0.565
0.652
0.574
0.523
0.512
0.515
1.116
0.601
0.556
0.625
0.535
0.517
0.698
0.514
0.971
0.531
0.605
0.612
0.874
0.531
0.568
0.459
0.586
0.577
0.576
0.544
0.575
0.635
0.616
0.563
0.567
0.849
0.574
0.665
0.683
0.632
0.629
0.716
0.645
0.966
0.414
0.895
0.614
0.561
0.546
1.040
0.495
0.590
0.560
0.642
0.527
0.610
0.579
0.558
0.631
0.581
0.581
0.578
0.561
0.528
0.571
0.727
0.601
0.528
0.744
0.395
0.790
0.639
0.657
0.712
0.553
0.487
0.634
0.651
0.601
0.897
0.659
0.631
0.539
0.698
0.590
0.515
0.543
0.458
1.002
0.671
0.565
0.580
0.635
1.053
0.560
0.519
0.726
0.598
0.546
0.537
0.723
0.653
0.497
0.830
0.599
0.567
0.649
0.651
0.593
0.470
0.550
0.659
0.626
0.560
0.631
0.695
0.561
0.534
0.400
0.753
0.860
0.696
0.655
0.520
0.620
0.681
0.547
0.807
0.416
0.672
0.581
0.612
0.698
0.962
1.283
0.579
0.675
0.676
0.557
0.541
0.499
0.814
0.574
0.596
0.715
0.628
0.741
0.658
0.523
0.688
0.547
0.609
0.855
0.546
0.962
0.575
0.539
0.814
0.644
0.652
0.620
0.762
0.652
0.673
0.620
0.528
0.534
0.910
0.416
0.579
0.679
1.007
0.545
0.669
0.878
0.442
0.519
0.413
0.721
0.630
0.587
0.674
0.648
0.749
0.448
0.594
0.494
0.626
0.562
0.807
0.495
0.671
0.521
0.621
0.562
0.527
0.600
0.985
0.603
0.627
0.604
0.585
0.591
0.547
0.613
0.492
0.879
0.609
0.631
0.671
0.627
0.656
0.612
0.582
0.483
0.562
0.578
0.525
0.708
0.704
0.593
0.672
0.594
0.543
0.480
0.583
0.715
0.602
0.626
0.630
0.452
0.720
0.601
0.527
0.774
0.793
0.542
0.633
0.743
0.617
0.685
0.450
0.557
0.580
0.634
0.551
0.486
0.630
0.513
0.563
0.658
1.230
0.500
0.773
0.561
0.558
0.583
0.683
0.559
0.807
0.422
0.525
0.486
0.336
0.556
0.512
0.542
0.611
0.463
0.503
0.566
0.560
0.580
0.693
0.669
0.694
0.485
0.462
0.507
0.566
0.588
0.710
0.506
0.604
0.565
0.468
0.563
0.910
0.681
0.537
0.670
0.582
0.615
0.582
0.632
0.613
0.525
0.570
0.699
0.764
0.747
0.594
0.396
0.567
0.512
0.732
0.518
0.472
0.630
0.543
0.558
0.585
0.584
0.580
0.538
0.419
0.587
0.499
0.475
0.661
0.591
0.643
0.670
0.676
0.591
0.522
0.413
0.558
0.425
0.565
0.626
0.611
0.452
0.460
0.560
0.660
0.551
0.582
0.569
0.580
0.522
0.661
0.608
0.619
0.458
0.586
0.617
0.614
0.555
0.525
0.610
0.619
0.574
0.674
0.553
0.661
0.666
0.603
0.869
0.781
0.681
0.507
0.629
0.563
0.557
0.601
0.584
0.524
0.532
0.471
0.597
0.653
1.004
0.529
0.606
0.584
0.556
0.890
0.537
0.837
0.613
0.873
0.583
0.538
1.081
0.551
0.588
0.558
0.820
0.553
0.534
0.621
0.542
0.579
0.568
0.607
0.699
0.715
0.586
0.570
0.581
0.753
0.570
0.631
0.900
0.649
0.524
0.584
0.836
0.514
0.875
0.422
0.531
0.522
0.603
0.845
0.563
0.616
0.723
0.568
0.468
0.917
0.604
0.684
0.556
0.749
0.654
0.561
0.541
0.405
0.510
0.899
0.657
0.410
0.460
0.563
0.671
0.616
0.719
0.554
0.573
0.573
0.628
0.606
0.569
0.767
0.477
0.566
0.592
0.923
0.761
0.586
0.662
0.798
0.630
0.681
0.499
0.756
0.540
0.587
0.627
0.517
0.647
0.672
0.584
0.554
0.537
0.769
0.627
0.677
0.603
0.431
0.557
0.660
0.522
0.666
0.618
0.714
0.528
0.565
0.795
0.561
0.655
0.584
0.589
0.642
0.568
0.481
0.478
0.494
0.595
0.564
0.710
0.605
0.709
0.534
0.553
0.582
0.601
0.697
0.429
0.534
0.533
0.534
0.434
1.256
0.429
0.508
0.449
0.552
0.747
0.659
0.595
0.542
0.651
0.678
0.603
0.687
0.775
0.369
0.553
0.567
0.720
0.535
0.507
0.558
0.685
0.879
0.530
0.629
0.555
0.601
0.769
0.566
0.527
0.574
0.591
0.566
0.591
0.558
0.540
0.495
0.720
0.384
0.615
0.586
0.440
0.306
0.737
0.497
0.607
0.633
0.549
0.541
0.865
0.520
0.660
0.542
0.604
0.638
0.500
0.665
0.564
0.584
0.525
0.880
0.703
0.568
0.371
0.573
0.439
0.605
0.940
0.537
0.563
0.584
0.565
0.558
0.593
0.631
0.600
0.586
0.525
0.726
0.587
0.563
0.586
0.798
0.586
0.621
0.679
0.594
0.665
0.568
0.192
0.563
0.615
0.612
0.537
0.549
0.527
0.611
0.445
0.436
0.723
0.433
0.540
0.477
0.569
0.521
0.733
0.611
0.501
0.717
0.696
0.537
0.548
0.584
0.513
0.584
0.496
0.728
0.653
0.519
0.735
0.552
0.571
0.572
0.969
0.523
0.536
0.396
0.583
0.558
0.686
0.522
0.630
0.500
0.582
0.528
0.655
0.795
0.384
0.543
0.376
0.481
0.574
0.515
0.567
0.569
0.652
0.578
0.635
0.597
0.528
0.628
0.638
0.886
0.894
0.558
0.591
0.595
0.470
0.605
0.455
0.616
0.392
0.500
0.444
0.868
0.543
0.567
0.532
0.492
0.986
0.348
0.642
0.796
0.441
0.703
0.591
0.735
0.590
0.671
0.539
0.506
0.564
0.741
0.559
0.522
0.592
0.707
0.625
0.516
0.550
0.628
0.493
0.601
0.408
0.644
0.596
0.753
0.670
0.656
0.544
0.473
0.607
0.501
0.609
0.566
0.580
0.564
0.579
0.583
0.562
0.553
0.557
0.589
0.643
0.592
0.579
0.590
0.619
0.590
0.887
0.722
0.493
0.564
0.600
0.565
0.705
0.537
0.594
0.639
0.586
0.585
0.698
0.624
0.542
0.681
0.553
0.651
0.668
0.522
0.680
0.707
0.598
0.575
0.612
0.703
0.606
0.610
0.645
0.562
0.402
0.438
0.549
1.093
0.504
0.676
0.750
0.743
0.627
0.595
0.569
0.656
0.606
0.560
0.544
0.628
0.373
0.580
0.577
0.517
0.600
0.471
0.580
0.664
0.649
0.667
0.570
0.664
0.566
0.662
0.590
0.711
0.648
0.678
0.579
0.578
0.467
0.333
0.505
0.610
0.608
0.651
0.564
0.487
0.493
0.649
0.742
0.567
1.010
0.743
0.472
0.562
0.639
0.776
0.560
0.579
0.588
0.589
0.610
0.564
0.508
0.588
0.741
0.533
0.855
0.647
0.558
0.468
0.571
0.831
0.640
0.716
0.871
0.606
0.638
0.708
0.437
0.541
0.665
0.561
0.506
0.538
0.403
0.697
0.525
0.543
0.594
0.534
0.652
0.713
0.780
0.765
0.535
0.589
0.698
0.508
0.577
0.566
0.746
0.636
0.596
0.762
0.601
0.420
0.547
0.588
0.641
0.906
0.624
0.891
0.481
0.606
0.542
0.650
0.578
0.414
0.507
0.421
0.615
0.584
0.441
0.820
0.881
0.547
0.636
0.574
0.604
0.867
0.539
0.546
0.652
1.137
0.564
0.643
1.187
0.497
0.885
0.701
0.611
0.613
0.624
0.560
0.590
0.625
0.581
0.564
1.468
0.569
0.697
0.637
0.466
0.432
0.482
0.601
0.591
0.560
0.826
0.615
0.874
0.425
0.600
0.414
0.651
0.744
0.515
0.582
0.586
0.853
0.550
0.500
0.507
0.517
0.585
0.619
0.382
0.570
0.579
0.571
0.533
0.646
0.633
0.554
0.522
0.631
0.735
0.618
0.586
0.636
0.541
0.552
0.308
0.502
0.384
0.660
0.411
0.505
0.508
0.751
0.732
0.577
0.576
0.554
0.507
0.633
0.598
0.603
0.646
0.718
0.624
0.547
0.498
0.569
0.634
0.581
0.855
0.631
0.619
0.458
0.547
0.643
0.581
0.668
0.661
0.642
0.544
0.662
0.640
0.635
0.670
0.813
0.588
0.667
0.340
0.522
0.438
0.943
0.534
0.624
0.582
0.848
0.539
0.659
0.583
0.634
0.592
0.437
0.534
0.581
0.579
1.314
0.567
0.621
0.633
0.450
0.544
0.825
0.652
0.425
0.553
0.658
0.566
0.874
0.908
0.672
0.678
0.575
1.172
0.596
0.524
0.581
0.688
0.653
0.525
0.614
0.557
0.528
0.515
0.559
0.694
0.597
0.623
0.487
0.702
0.531
0.602
0.526
0.523
0.409
0.596
0.578
0.648
0.594
0.841
0.566
0.596
0.620
0.549
0.613
0.701
0.655
0.553
0.567
0.613
0.560
0.605
0.806
0.549
0.671
0.550
0.440
0.365
0.550
0.620
0.639
0.995
0.619
0.739
0.568
0.601
0.699
0.753
0.561
0.549
0.648
0.614
0.567
0.603
0.650
0.625
0.474
0.349
0.592
0.532
0.575
0.582
0.522
0.526
0.497
0.575
0.648
0.524
0.551
0.805
0.852
0.593
0.499
0.597
0.762
0.695
0.697
0.582
0.695
0.543
0.553
0.907
0.859
0.515
0.607
0.586
0.422
0.588
0.544
0.692
0.662
0.465
0.623
0.921
0.591
0.394
0.571
0.622
0.521
0.522
0.582
0.562
0.550
0.561
0.773
0.455
0.600
0.607
1.043
0.520
0.508
0.591
0.618
0.542
0.547
0.431
0.610
0.590
0.502
0.546
0.440
0.584
0.586
0.550
0.541
0.509
0.624
0.637
0.544
0.609
0.856
0.582
0.607
0.573
0.507
0.624
0.431
0.593
0.773
0.882
0.566
1.227
1.173
0.800
0.809
0.569
0.587
0.895
0.497
0.648
0.584
0.617
0.563
0.348
0.562
0.798
0.619
0.556
0.879
0.519
0.543
0.633
0.558
0.728
0.627
0.701
0.523
0.540
0.487
0.859
0.589
0.730
0.531
0.616
0.637
0.607
0.690
0.610
0.602
0.581
0.628
0.627
0.438
0.654
0.694
0.863
0.408
0.754
0.857
0.932
0.608
0.734
0.710
0.570
0.529
0.464
0.571
0.625
0.581
0.611
0.689
0.575
0.614
0.418
0.556
0.541
0.589
0.555
0.593
0.531
0.531
0.530
0.549
0.537
0.585
0.601
0.568
0.492
0.691
0.514
1.009
0.607
0.633
1.041
0.606
0.413
0.788
0.535
0.853
0.592
0.516
0.425
0.567
0.585
0.536
0.622
0.397
0.605
0.567
0.679
0.610
0.518
0.623
0.468
0.730
0.648
0.604
0.543
0.459
0.502
0.529
0.669
0.515
0.474
0.794
0.578
0.483
0.560
0.838
0.650
0.586
0.653
0.445
0.564
0.528
0.557
0.700
0.897
0.607
0.724
0.412
0.702
0.654
0.514
0.512
0.639
0.508
0.587
0.728
0.706
0.560
0.636
0.490
0.580
0.519
0.597
0.512
0.510
0.813
0.607
0.517
0.598
0.433
0.560
0.593
0.634
0.617
0.555
0.629
0.561
0.467
0.668
0.550
0.575
0.395
0.621
0.623
0.615
0.979
0.515
0.563
0.643
0.606
0.839
0.582
0.703
0.768
0.553
1.118
0.621
0.585
0.589
0.478
0.716
0.406
0.586
0.616
0.596
0.571
0.421
0.562
0.522
0.598
0.711
0.503
0.607
0.562
0.652
0.586
0.538
0.421
0.713
0.626
0.532
0.542
0.621
0.868
0.621
0.670
0.573
0.545
0.502
0.613
0.669
0.517
0.584
0.577
0.538
0.639
0.546
0.671
0.867
0.580
0.580
0.709
0.576
0.497
0.595
0.527
0.580
0.590
0.599
0.556
0.573
0.686
0.627
0.447
0.761
0.642
0.591
0.741
0.747
0.585
0.593
0.571
0.575
0.667
0.494
0.526
0.542
0.617
0.527
1.029
0.598
0.561
0.625
0.520
0.663
0.914
0.639
0.562
0.587
0.769
0.646
0.383
0.653
0.590
0.681
0.600
0.592
0.650
0.588
0.521
0.420
0.882
0.872
0.632
0.512
0.588
0.562
0.528
0.619
0.547
0.582
0.503
0.420
0.893
0.516
0.612
0.723
0.698
0.625
0.561
0.597
0.568
0.487
0.674
0.645
0.602
0.942
1.085
0.564
0.508
0.536
0.487
0.594
0.611
0.584
0.598
0.822
0.553
0.690
0.537
0.619
0.608
0.527
0.646
0.664
0.563
0.599
0.606
0.599
0.403
0.513
0.642
0.611
0.568
0.646
0.809
0.424
0.968
0.568
0.852
0.526
1.258
0.618
0.393
0.603
0.571
0.515
0.528
0.662
0.546
0.507
0.758
0.414
0.618
0.633
0.567
0.387
0.441
0.895
0.651
0.564
0.513
0.671
0.612
0.579
0.668
0.641
0.786
0.570
0.803
0.547
0.904
0.558
0.671
0.520
0.614
0.579
0.616
0.565
0.771
0.620
0.544
0.582
0.647
0.595
0.286
0.557
0.626
0.554
0.594
0.640
0.633
0.532
0.669
0.676
0.565
0.544
0.496
0.517
0.558
0.664
0.522
0.606
0.727
0.562
0.647
0.680
0.590
0.641
0.585
0.607
0.522
0.469
0.543
0.567
0.699
0.848
0.675
0.662
0.756
0.750
0.644
0.856
0.730
0.450
0.228
0.530
0.478
0.591
0.472
0.627
0.567
0.648
0.592
0.560
0.737
0.491
0.725
0.615
0.701
0.586
0.553
0.637
0.551
0.608
0.861
0.652
0.752
0.612
0.511
0.551
0.612
0.797
0.551
0.574
0.599
0.526
0.638
0.644
0.626
0.517
1.174
0.678
0.579
0.535
0.616
0.572
0.533
0.552
0.540
0.533
0.541
0.701
0.472
0.566
0.808
0.453
0.669
0.665
0.515
0.585
0.487
0.653
0.621
0.469
0.668
0.823
0.790
0.597
0.542
0.589
0.706
0.526
0.495
0.627
0.470
0.571
0.560
0.495
0.628
0.575
0.666
0.600
0.609
0.612
0.751
0.898
0.592
0.959
0.622
0.536
0.623
0.604
0.781
0.531
0.573
0.554
0.531
0.613
0.641
0.440
0.483
0.485
0.532
0.852
0.518
0.518
0.436
0.565
1.207
0.657
0.662
0.565
0.571
0.631
0.593
0.449
0.535
0.620
0.587
0.502
0.625
0.612
0.917
0.550
0.495
0.683
0.627
0.662
0.511
0.581
0.672
0.600
0.445
0.405
0.568
0.654
0.530
0.561
0.666
0.548
0.576
0.486
0.556
0.507
0.681
0.612
0.616
0.914
0.392
0.589
0.765
0.641
0.557
0.572
0.574
0.500
0.523
0.557
0.531
0.630
0.567
0.576
0.568
0.563
0.605
0.588
0.720
0.468
0.530
0.508
0.447
0.536
0.571
0.603
0.564
0.709
0.430
0.409
0.707
0.882
0.589
0.876
0.571
0.683
0.657
0.615
0.441
0.490
0.582
0.674
0.421
0.556
0.527
0.601
0.913
0.663
0.632
0.594
0.590
0.504
0.557
0.610
0.602
0.622
0.511
0.515
0.727
0.563
0.623
0.769
0.499
0.405
0.838
0.587
0.576
0.577
0.713
0.645
0.548
0.607
0.505
0.615
0.548
0.916
0.551
0.447
0.564
0.579
0.472
0.635
0.594
0.511
0.649
0.496
0.579
0.607
0.650
0.497
0.615
0.532
0.443
0.617
0.585
0.404
0.630
0.560
0.575
0.562
0.623
0.652
0.681
0.637
0.945
0.803
0.551
0.605
0.501
0.631
0.655
0.592
0.528
0.578
0.688
0.534
0.634
0.600
0.626
0.598
0.725
0.699
0.477
0.799
0.557
0.567
0.607
0.624
0.507
1.070
0.578
0.414
0.725
0.706
0.663
0.489
0.565
0.578
0.622
0.556
0.556
0.394
0.866
0.505
0.596
0.815
0.710
0.814
0.612
0.536
0.740
0.581
0.625
0.643
0.817
0.632
0.642
0.515
0.657
0.404
0.709
0.588
0.803
0.770
0.634
0.736
0.588
0.555
0.543
0.511
0.629
0.534
0.506
0.450
0.584
0.654
0.622
0.612
0.638
0.534
0.639
0.547
0.651
0.455
0.605
0.577
0.881
0.625
0.671
0.643
0.607
0.561
0.578
0.629
0.593
0.622
0.555
0.639
0.599
0.577
0.346
0.558
0.620
0.622
0.647
0.500
0.935
1.015
0.525
0.524
0.404
0.472
0.622
0.584
0.937
0.843
0.708
1.119
0.599
0.398
0.366
0.541
0.583
0.586
0.000
0.875
0.563
0.575
0.823
0.598
0.644
0.634
0.540
0.555
0.673
0.448
0.645
0.457
0.628
0.993
0.594
0.622
0.578
0.516
0.877
0.522
0.492
1.160
0.549
0.530
0.449
0.757
0.619
0.662
0.597
0.588
0.412
0.758
